1
1
1
1
1
1
1
1
1
1
1
1
1
1
1
1
1
1
1
1
1
1
1
1
1
1
1
1
1
1
1
1
1
1
1
1
1
1
1
1
1
0.999999
0.999999
0.999999
0.999999
0.999998
0.999998
0.999997
0.999997
0.999996
0.999995
0.999994
0.999992
0.99999
0.999988
0.999986
0.999983
0.999979
0.999975
0.99997
0.999963
0.999956
0.999948
0.999938
0.999926
0.999912
0.999895
0.999876
0.999853
0.999827
0.999797
0.999761
0.99972
0.999672
0.999617
0.999552
0.999478
0.999393
0.999294
0.99918
0.999049
0.998899
0.998727
0.998529
0.998303
0.998043
0.997747
0.997408
0.997021
0.99658
0.996078
0.995506
0.994856
0.994117
0.993278
0.992326
0.991247
0.990025
0.988643
0.987081
0.985318
0.98333
0.98109
0.97857
0.975738
0.97256
0.968998
0.965014
0.960564
0.955604
0.950083
0.943955
0.937165
0.929664
0.921398
0.912315
0.902367
0.891508
0.879697
0.866901
0.853093
0.83826
0.822395
0.805511
0.787628
0.768787
0.749039
0.728452
0.707107
0.685097
0.662526
0.639505
0.61615
0.592581
0.568916
0.545272
0.521758
0.498481
0.475534
0.453005
0.430968
0.409489
0.388621
0.368409
0.348885
0.330075
0.311996
0.294656
0.278057
0.262197
0.247066
0.232653
0.218942
0.205915
0.193552
0.18183
0.170727
0.160218
0.150281
0.14089
0.132022
0.123652
0.115757
0.108314
0.101301
0.0946959
0.0884786
0.0826286
0.0771267
0.0719543
0.0670938
0.0625284
0.0582419
0.0542188
0.0504447
0.0469056
0.0435884
0.0404805
0.03757
0.0348456
0.0322966
0.0299129
0.027685
0.0256037
0.0236604
0.021847
0.0201557
0.0185794
0.017111
0.0157441
0.0144725
0.0132905
0.0121924
0.0111731
0.0102277
0.00935157
0.0085403
0.00778974
0.007096
0.00645543
0.00586446
0.00531996
0.0048187
0.00435783
0.00393467
0.00354648
0.0031909
0.00286569
0.0025686
0.00229764
0.00205094
0.00182662
0.00162308
0.00143869
0.001272
0.00112157
0.000986119
0.000864441
0.000755389
0.000657924
0.000570997
0.000493723
0.000425224
0.000364681
0.000311395
0.000264638
0.000223743
0.000188161
0.000157279
0.000130679
0.000107888
8.83428e-005
7.18022e-005
5.78369e-005
4.62171e-005
3.65066e-005
2.85368e-005
2.20339e-005
1.67757e-005
1.2589e-005
9.26677e-006
6.70544e-006
4.74478e-006
3.27657e-006
2.18539e-006
1.41194e-006
8.63932e-007
5.20225e-007
2.84137e-007
1.41799e-007
7.13636e-008
4.4212e-008
3.64273e-008
3.53164e-008
0
3.5307e-008
0
3.5307e-008
0
3.53164e-008
3.64273e-008
4.4212e-008
7.13636e-008
1.41799e-007
2.84137e-007
5.20225e-007
8.63932e-007
1.41194e-006
2.18539e-006
3.27657e-006
4.74478e-006
6.70544e-006
9.26677e-006
1.2589e-005
1.67757e-005
2.20339e-005
2.85368e-005
3.65066e-005
4.62171e-005
5.78369e-005
7.18022e-005
8.83428e-005
0.000107888
0.000130679
0.000157279
0.000188161
0.000223743
0.000264638
0.000311395
0.000364681
0.000425224
0.000493723
0.000570997
0.000657924
0.000755389
0.000864441
0.000986119
0.00112157
0.001272
0.00143869
0.00162308
0.00182662
0.00205094
0.00229764
0.0025686
0.00286569
0.0031909
0.00354648
0.00393467
0.00435783
0.0048187
0.00531996
0.00586446
0.00645543
0.007096
0.00778974
0.0085403
0.00935157
0.0102277
0.0111731
0.0121924
0.0132905
0.0144725
0.0157441
0.017111
0.0185794
0.0201557
0.021847
0.0236604
0.0256037
0.027685
0.0299129
0.0322966
0.0348456
0.03757
0.0404805
0.0435884
0.0469056
0.0504447
0.0542188
0.0582419
0.0625284
0.0670938
0.0719543
0.0771267
0.0826286
0.0884786
0.0946959
0.101301
0.108314
0.115757
0.123652
0.132022
0.14089
0.150281
0.160218
0.170727
0.18183
0.193552
0.205915
0.218942
0.232653
0.247066
0.262197
0.278057
0.294656
0.311996
0.330075
0.348885
0.368409
0.388621
0.409489
0.430968
0.453005
0.475534
0.498481
0.521758
0.545272
0.568916
0.592581
0.61615
0.639505
0.662526
0.685097
0.707107
0.728452
0.749039
0.768787
0.787628
0.805511
0.822395
0.83826
0.853093
0.866901
0.879697
0.891508
0.902367
0.912315
0.921398
0.929664
0.937165
0.943955
0.950083
0.955604
0.960564
0.965014
0.968998
0.97256
0.975738
0.97857
0.98109
0.98333
0.985318
0.987081
0.988643
0.990025
0.991247
0.992326
0.993278
0.994117
0.994856
0.995506
0.996078
0.99658
0.997021
0.997408
0.997747
0.998043
0.998303
0.998529
0.998727
0.998899
0.999049
0.99918
0.999294
0.999393
0.999478
0.999552
0.999617
0.999672
0.99972
0.999761
0.999797
0.999827
0.999853
0.999876
0.999895
0.999912
0.999926
0.999938
0.999948
0.999956
0.999963
0.99997
0.999975
0.999979
0.999983
0.999986
0.999988
0.99999
0.999992
0.999994
0.999995
0.999996
0.999997
0.999997
0.999998
0.999998
0.999999
0.999999
0.999999
0.999999
1
1
1
1
1
1
1
1
1
1
1
1
1
1
1
1
1
1
1
1
1
1
1
1
1
1
1
1
1
1
1
1
1
1
1
1
1
1
1
1
