p50
1
0
0
0
0
0
0
0
0
0
0
0
0
0
0
0
0
0
0
0
0
0
0
0
0
0
0
0
0
0
0
0
0
0
0
0
0
0
0
0
0
0
0
0
0
0
0
0
0
0
q50
0
0.00410499
0.0163526
0.0365416
0.0643406
0.0992932
0.140825
0.188255
0.240804
0.297608
0.357736
0.4202
0.483974
0.548012
0.61126
0.672683
0.731269
0.786058
0.83615
0.880723
0.919044
0.950484
0.974528
0.99078
0.998973
0.998973
0.99078
0.974528
0.950484
0.919044
0.880723
0.83615
0.786058
0.731269
0.672683
0.61126
0.548012
0.483974
0.4202
0.357736
0.297608
0.240804
0.188255
0.140825
0.0992932
0.0643406
0.0365416
0.0163526
0.00410499
0

