-0
0.0414751
0.0827837
0.123763
0.164258
0.204124
0.243228
0.281456
0.318705
0.354895
0.389957
0.423843
0.456519
0.487965
0.518172
0.547146
0.574899
0.601452
0.626834
0.651078
0.674219
0.696299
0.717359
0.737441
0.756591
0.774851
0.792265
0.808877
0.824729
0.839862
0.854317
0.868133
0.881348
0.894
0.906124
0.917756
0.928931
0.939682
0.950042
0.960044
0.969722
0.979107
0.988233
0.997133
1.00584
1.01439
1.02283
1.03118
1.0395
1.04782
1.0562
1.06469
1.07334
1.08223
1.09143
1.10102
1.11111
1.1218
1.13325
1.14559
1.15904
1.17382
1.19022
1.20859
1.22937
1.25313
1.28058
1.31266
1.35058
1.39595
1.45094
1.51839
1.60204
1.70655
1.83708
1.99772
2.18811
2.39934
2.61369
2.81182
2.98168
3.12054
3.23153
3.3197
3.38996
3.44636
3.49203
3.52932
3.56002
3.58545
3.60664
3.62437
3.63926
3.65179
3.66235
3.67126
3.67877
3.6851
3.69043
3.69493
3.69872
3.70193
3.70467
3.70704
3.70912
3.711
3.71277
3.7145
3.71628
3.71818
3.72029
3.72269
3.72547
3.72871
3.73253
3.73701
3.74229
3.74847
3.75571
3.76413
3.77391
3.78524
3.79829
3.81331
3.83052
3.8502
3.87263
3.89812
3.92699
3.95959
3.99624
4.03726
4.08292
4.13338
4.18871
4.24878
4.31324
4.3815
4.45271
4.52581
4.59955
4.67267
4.74395
4.81234
4.87702
4.9374
4.99318
5.04425
5.09066
5.13261
5.17036
5.20423
5.23454
5.26162
5.2858
5.30737
5.32661
5.34379
5.35913
5.37284
5.38511
5.39611
5.406
5.4149
5.42294
5.43024
5.4369
5.44299
5.44862
5.45384
5.45873
5.46336
5.46777
5.47203
5.47618
5.48028
5.48436
5.48846
5.49264
5.49692
5.50134
5.50594
5.51077
5.51584
5.52121
5.5269
5.53296
5.53942
5.54632
5.5537
5.56162
5.57011
5.57921
5.589
5.59951
5.6108
5.62295
5.63601
5.65006
5.66519
5.68147
5.69899
5.71786
5.73819
5.76007
5.78365
5.80904
5.8364
5.86583
5.8975
5.93157
5.96815
6.00737
6.04939
6.09421
6.14192
6.19265
6.24606
6.30224
6.36091
6.42175
6.48458
6.54872
6.61328
6.67841
6.74341
6.80752
6.87036
6.93104
6.99005
7.04656
7.10048
7.15232
7.20117
7.24528
7.29089
7.33299
7.37153
7.40728
7.44226
7.47435
7.50354
7.53566
7.55685
7.59076
7.58891
7.70393
7.58473
7.68039
7.92963
7.36975
6.9107
6.48918
6.25072
6.28319
6.24115
6.28319
6.32522
6.28319
6.31565
6.07719
5.65567
5.19662
4.63674
4.88598
4.98164
4.86244
4.97746
4.97562
5.00952
5.03071
5.06284
5.09202
5.12411
5.15909
5.19484
5.23338
5.27548
5.32109
5.3652
5.41405
5.46589
5.51981
5.57632
5.63533
5.69601
5.75885
5.82297
5.88796
5.95309
6.01765
6.08179
6.14462
6.20546
6.26413
6.32031
6.37372
6.42445
6.47216
6.51699
6.559
6.59822
6.6348
6.66887
6.70054
6.72998
6.75734
6.78272
6.80631
6.82819
6.84851
6.86738
6.8849
6.90118
6.91631
6.93036
6.94342
6.95557
6.96686
6.97737
6.98716
6.99627
7.00475
7.01267
7.02005
7.02696
7.03342
7.03947
7.04517
7.05053
7.05561
7.06043
7.06503
7.06946
7.07374
7.07791
7.08201
7.08609
7.09019
7.09434
7.0986
7.10301
7.10764
7.11253
7.11775
7.12338
7.12947
7.13613
7.14343
7.15147
7.16038
7.17026
7.18126
7.19353
7.20724
7.22258
7.23976
7.259
7.28058
7.30475
7.33183
7.36214
7.39601
7.43376
7.47571
7.52212
7.57319
7.62897
7.68935
7.75403
7.82242
7.8937
7.96682
8.04057
8.11366
8.18487
8.25313
8.31759
8.37766
8.43299
8.48345
8.52911
8.57013
8.60678
8.63938
8.66825
8.69374
8.71617
8.73585
8.75306
8.76808
8.78114
8.79246
8.80224
8.81067
8.8179
8.82408
8.82936
8.83384
8.83766
8.8409
8.84368
8.84608
8.84819
8.85009
8.85187
8.85361
8.85537
8.85726
8.85933
8.8617
8.86444
8.86765
8.87144
8.87594
8.88127
8.8876
8.89511
8.90402
8.91458
8.92711
8.942
8.95973
8.98092
9.00635
9.03705
9.07434
9.12001
9.17641
9.24667
9.33484
9.44583
9.58469
9.75455
9.95269
10.167
10.3783
10.5686
10.7293
10.8598
10.9643
11.048
11.1154
11.1704
11.2158
11.2537
11.2858
11.3132
11.337
11.3578
11.3762
11.3926
11.4073
11.4208
11.4331
11.4446
11.4553
11.4654
11.4749
11.4841
11.493
11.5017
11.5102
11.5185
11.5269
11.5352
11.5435
11.552
11.5605
11.5692
11.5781
11.5873
11.5966
11.6063
11.6163
11.6267
11.6374
11.6486
11.6602
11.6724
11.685
11.6982
11.7121
11.7265
11.7416
11.7575
11.7741
11.7915
11.8098
11.8289
11.849
11.8701
11.8922
11.9153
11.9395
11.9649
11.9915
12.0192
12.0482
12.0784
12.1099
12.1425
12.1764
12.2115
12.2477
12.2849
12.3231
12.3622
12.4021
12.4426
12.4836
12.5249
