464
464
464
463
463
462
462
461
461
460
460
460
459
459
459
458
458
458
457
457
457
456
456
456
456
456
455
455
455
455
455
455
454
454
454
454
454
454
454
453
453
453
453
453
453
453
453
453
453
452
452
452
452
452
452
452
452
452
451
451
451
451
451
451
450
450
450
449
449
448
448
447
446
445
443
442
439
437
434
432
430
429
427
426
426
425
424
424
424
423
423
423
423
423
422
422
422
422
422
422
422
422
422
422
422
422
422
422
422
422
422
422
422
422
422
422
421
421
421
421
421
421
421
421
420
420
420
420
419
419
419
418
418
417
416
416
415
414
413
412
412
411
410
409
408
408
407
407
406
405
405
405
404
404
404
403
403
403
403
403
403
402
402
402
402
402
402
402
402
402
402
402
402
402
402
401
401
401
401
401
401
401
401
401
401
401
401
401
401
401
401
400
400
400
400
400
400
400
400
399
399
399
399
399
398
398
398
397
397
397
396
396
395
395
394
394
393
393
392
391
391
390
389
388
388
387
386
386
385
384
383
383
382
382
381
381
380
380
379
379
379
378
378
378
377
377
376
377
376
373
380
385
390
393
392
393
392
392
392
392
395
399
405
411
408
407
409
407
407
407
407
406
406
406
405
405
404
404
403
403
402
402
401
400
400
399
398
398
397
396
395
395
394
393
392
392
391
391
390
390
389
389
388
388
387
387
387
387
386
386
386
386
385
385
385
385
385
385
384
384
384
384
384
384
384
384
384
384
384
383
383
383
383
383
383
383
383
383
383
383
383
383
383
383
383
383
383
382
382
382
382
382
382
382
382
381
381
381
381
381
380
380
379
379
379
378
377
377
376
375
375
374
373
372
371
370
370
369
368
368
367
366
366
366
365
365
365
364
364
364
364
364
363
363
363
363
363
363
363
363
363
363
363
363
363
363
363
363
363
363
363
363
363
363
362
362
362
362
362
362
362
362
361
361
361
361
360
360
359
358
357
356
354
352
350
348
345
343
341
340
338
337
337
336
336
335
335
334
334
334
334
334
333
333
333
333
333
333
333
332
332
332
332
332
332
332
332
332
332
331
331
331
331
331
331
331
331
331
330
330
330
330
330
330
330
329
329
329
329
329
328
328
328
328
327
327
327
326
326
326
325
325
325
324
324
323
323
322
322
321
321
320
