685 464
686 464
687 464
688 464
689 464
690 464
691 464
692 464
693 464
694 464
695 464
696 464
697 464
698 464
699 464
700 464
701 464
702 464
703 464
704 464
705 464
706 464
707 464
708 464
709 464
710 464
711 464
712 464
713 464
714 464
715 464
716 464
717 464
718 464
719 464
720 464
721 464
722 464
723 464
724 464
725 464
726 464
727 464
728 464
729 464
730 464
731 464
732 464
733 464
734 464
735 464
736 464
737 464
738 464
739 464
740 464
741 464
742 464
743 464
744 464
745 464
746 464
747 464
748 464
749 464
750 464
751 464
752 464
753 464
754 464
755 464
756 464
757 464
758 464
759 464
760 464
761 464
762 464
763 464
764 464
765 464
766 464
767 464
768 464
769 464
770 464
771 464
772 464
773 464
774 464
775 464
776 464
777 464
778 464
779 464
780 464
781 464
782 464
783 464
784 464
785 464
786 464
787 464
788 464
789 464
790 464
791 464
792 464
793 464
794 464
795 464
796 464
797 464
798 464
799 464
800 464
801 464
802 464
803 464
804 464
805 464
806 464
807 464
808 464
809 464
810 464
811 464
812 464
813 464
814 464
815 464
816 464
817 464
818 464
819 464
820 464
821 464
822 464
823 464
824 464
825 464
826 464
827 464
828 464
829 464
830 464
831 464
832 464
833 464
834 464
835 464
836 464
837 464
838 464
839 464
840 464
841 464
842 464
843 464
844 464
845 464
846 464
847 464
848 464
849 464
850 464
851 464
852 464
853 464
854 464
855 464
856 464
857 464
858 464
859 464
860 464
861 464
862 464
863 464
864 464
865 464
866 464
867 464
868 464
869 464
870 464
871 464
872 464
873 464
874 464
875 464
876 464
877 464
878 464
879 464
880 464
881 464
882 464
883 464
884 464
885 464
886 464
887 464
888 464
889 464
890 464
891 464
892 464
893 464
894 464
895 464
896 464
897 464
898 464
899 464
900 464
901 464
902 464
903 464
904 464
905 464
906 464
907 464
908 464
909 464
910 464
911 464
912 464
913 464
914 464
915 464
916 464
917 464
918 464
919 464
920 464
921 464
922 464
923 464
924 464
925 464
926 464
927 464
928 464
929 464
930 464
931 464
932 464
933 464
934 464
935 464
936 464
937 464
938 464
939 464
